Para compilar um a.out:
    nasm -f ef64 -g -o EP.o EP.s    // Isso cria um arquivo EP.o (Código Objeto)
    ld -s -o a.out EP.o             // Isso cria o executável a.out para rodar o programa;
    ./a.out                         // Isso roda o programa;

Para debugar usando o gdb:
    ld -o EP1 EP.o                  // Isso cria o arquivo EP1;
    gdb EP1                         // Debugar o código;

    break _start                    // Define um ponto de parada no _start:
    break rotulo                    // Define um ponto de parada no rotulo;
    run                             // Roda o programa;
    s                               // Executa até o próximo ponto de parada
    info r                          // Mostra o que está dentro de cada registrador
    p $registrador                  // Mostra o valor específico de um registrador
    print variavel                  // Mostra o valor da variável
    x/3c &Sample
    p /x
    p /t $registrador


[147, 70, 0, 205, 74, 247, 244, 219, 105, 175, 252, 55, 151, 53, 38, 205]


[126, 162, 49, 155, 224, 208, 56, 144, 129, 97, 180, 232, 194, 107, 252, 122, 194, 53, 21, 66, 190, 179, 174, 146, 84, 143, 170, 129, 200, 98, 35, 92, 209, 123, 47, 192, 63, 184, 225, 80, 61, 23, 150, 202, 180, 27, 57, 216]


0, 0, 0, 0, 0, 0, 0, 0, 
0, 0, 0, 0, 0, 0, 0, 0, 
79, 108, 97, 32, 109, 117, 110, 100,
111, 33, 6, 6, 6, 6, 6, 6, 
79, 108, 97, 32, 109, 117, 110, 100,
111, 33, 6, 6, 6, 6, 6, 6

0       0       0       0       0       0       0       0
0       0       0       0       0       0       0       0
79      108     97      32      109     117     110     100
111     33      6       6       6       6       6       6
79      108     97      32      109     117     110     100
111     33      6       6       6       6       6       6






[147, 70, 0, 205, 74, 247, 244, 219, 105, 175, 252, 55, 151, 53, 38, 205]



0 : [0, 0, 0, 0, 0, 0, 0, 0, 0, 0, 0, 0, 0, 0, 0, 0, 79, 108, 97, 32, 109, 117, 110, 100, 111, 33, 6, 6, 6, 6, 6, 6, 79, 108, 97, 32, 109, 117, 110, 100, 111, 33, 6, 6, 6, 6, 6, 6] 

0 :  221 

1 :  52 

2 :  160 

3 :  74 

4 :  164 

5 :  61 

6 :  237 

7 :  41 

8 :  116 

9 :  136 

10 :  213 

11 :  35 

12 :  170 

13 :  244 

14 :  115 

15 :  168 

16 :  246 

17 :  234 

0 (2):  [234, 158, 46, 6, 185, 16, 247, 184, 44, 81, 188, 130, 135, 178, 30, 112, 90, 214, 45, 114, 111, 137, 188, 73, 165, 125, 165, 103, 154, 222, 47, 82, 210, 56, 44, 189, 233, 9, 226, 95, 150, 202, 3, 123, 132, 225, 93, 217] 


1 : [234, 158, 46, 6, 185, 16, 247, 184, 44, 81, 188, 130, 135, 178, 30, 112, 147, 70, 0, 205, 74, 247, 244, 219, 105, 175, 252, 55, 151, 53, 38, 205, 121, 216, 46, 203, 243, 231, 3, 99, 69, 254, 64, 181, 16, 135, 56, 189] 

0 :  42 

1 :  112 

2 :  17 

3 :  155 

4 :  151 

5 :  248 

6 :  175 

7 :  247 

8 :  239 

9 :  8 

10 :  67 

11 :  139 

12 :  75 

13 :  85 

14 :  42 

15 :  177 

16 :  73 

17 :  233 

1 (2):  [126, 162, 49, 155, 224, 208, 56, 144, 129, 97, 180, 232, 194, 107, 252, 122, 194, 53, 21, 66, 190, 179, 174, 146, 84, 143, 170, 129, 200, 98, 35, 92, 209, 123, 47, 192, 63, 184, 225, 80, 61, 23, 150, 202, 180, 27, 57, 216] 


[126, 162, 49, 155, 224, 208, 56, 144, 129, 97, 180, 232, 194, 107, 252, 122, 194, 53, 21, 66, 190, 179, 174, 146, 84, 143, 170, 129, 200, 98, 35, 92, 209, 123, 47, 192, 63, 184, 225, 80, 61, 23, 150, 202, 180, 27, 57, 216]









0 : [0, 0, 0, 0, 0, 0, 0, 0, 0, 0, 0, 0, 0, 0, 0, 0, 79, 108, 97, 32, 109, 117, 110, 100, 111, 33, 6, 6, 6, 6, 6, 6, 79, 108, 97, 32, 109, 117, 110, 100, 111, 33, 6, 6, 6, 6, 6, 6] 

0 :  0 

1 :  122 

2 :  179 

3 :  99 

4 :  109 

5 :  170 

6 :  12 

7 :  114 

8 :  190 

9 :  1 

10 :  77 

11 :  110 

12 :  243 

13 :  6 

14 :  19 

15 :  211 

16 :  116 

17 :  182 

18 :  214 

19 :  168 

20 :  24 

21 :  149 

22 :  6 

23 :  125 

24 :  233 

25 :  198 

26 :  245 

27 :  178 

28 :  130 

29 :  28 

30 :  30 

31 :  68 

32 :  201 

33 :  143 

34 :  120 

35 :  166 

36 :  71 

37 :  136 

38 :  50 

39 :  55 

40 :  127 

41 :  196 

42 :  231 

43 :  126 

44 :  56 

45 :  153 

46 :  242 

47 :  144 

0 :  221 

1 :  116 

2 :  74 

3 :  191 

4 :  65 

5 :  114 

6 :  178 

7 :  246 

8 :  87 

9 :  180 

10 :  36 

11 :  77 

12 :  157 

13 :  63 

14 :  228 

15 :  46 

16 :  70 

17 :  203 

18 :  211 

19 :  220 

20 :  40 

21 :  59 

22 :  70 

23 :  0 

24 :  147 

25 :  211 

26 :  129 

27 :  17 

28 :  146 

29 :  45 

30 :  57 

31 :  165 

32 :  73 

33 :  192 

34 :  61 

35 :  14 

36 :  45 

37 :  175 

38 :  93 

39 :  8 

40 :  4 

41 :  105 

42 :  49 

43 :  233 

44 :  145 

45 :  172 

46 :  64 

47 :  164 

0 :  52 

1 :  196 

2 :  140 

3 :  110 

4 :  178 

5 :  246 

6 :  91 

7 :  129 

8 :  244 

9 :  74 

10 :  248 

11 :  82 

12 :  253 

13 :  31 

14 :  173 

15 :  182 

16 :  252 

17 :  194 

18 :  146 

19 :  237 

20 :  169 

21 :  199 

22 :  224 

23 :  158 

24 :  74 

25 :  15 

26 :  210 

27 :  65 

28 :  74 

29 :  241 

30 :  108 

31 :  87 

32 :  252 

33 :  201 

34 :  253 

35 :  46 

36 :  31 

37 :  230 

38 :  118 

39 :  170 

40 :  8 

41 :  18 

42 :  140 

43 :  56 

44 :  14 

45 :  198 

46 :  148 

47 :  4 

0 (2):  [234, 158, 46, 6, 185, 16, 247, 184, 44, 81, 188, 130, 135, 178, 30, 112, 90, 214, 45, 114, 111, 137, 188, 73, 165, 125, 165, 103, 154, 222, 47, 82, 210, 56, 44, 189, 233, 9, 226, 95, 150, 202, 3, 123, 132, 225, 93, 217] 


1 : [234, 158, 46, 6, 185, 16, 247, 184, 44, 81, 188, 130, 135, 178, 30, 112, 147, 70, 0, 205, 74, 247, 244, 219, 105, 175, 252, 55, 151, 53, 38, 205, 121, 216, 46, 203, 243, 231, 3, 99, 69, 254, 64, 181, 16, 135, 56, 189] 

0 :  0 

1 :  144 

2 :  69 

3 :  196 

4 :  192 

5 :  252 

6 :  25 

7 :  99 

8 :  213 

9 :  230 

10 :  122 

11 :  15 

12 :  209 

13 :  251 

14 :  160 

15 :  84 

16 :  82 

17 :  243 

18 :  64 

19 :  52 

20 :  125 

21 :  199 

22 :  81 

23 :  75 

24 :  71 

25 :  140 

26 :  126 

27 :  194 

28 :  118 

29 :  53 

30 :  24 

31 :  222 

32 :  144 

33 :  162 

34 :  207 

35 :  254 

36 :  153 

37 :  7 

38 :  143 

39 :  23 

40 :  21 

41 :  162 

42 :  233 

43 :  233 

44 :  28 

45 :  8 

46 :  252 

47 :  49 

0 :  42 

1 :  33 

2 :  252 

3 :  205 

4 :  72 

5 :  83 

6 :  87 

7 :  214 

8 :  28 

9 :  254 

10 :  40 

11 :  161 

12 :  25 

13 :  111 

14 :  58 

15 :  112 

16 :  55 

17 :  232 

18 :  164 

19 :  218 

20 :  28 

21 :  223 

22 :  0 

23 :  49 

24 :  208 

25 :  15 

26 :  45 

27 :  229 

28 :  50 

29 :  108 

30 :  234 

31 :  174 

32 :  196 

33 :  100 

34 :  151 

35 :  239 

36 :  37 

37 :  210 

38 :  223 

39 :  70 

40 :  104 

41 :  125 

42 :  100 

43 :  177 

44 :  51 

45 :  46 

46 :  206 

47 :  192 

0 :  112 

1 :  68 

2 :  51 

3 :  235 

4 :  126 

5 :  109 

6 :  253 

7 :  246 

8 :  245 

9 :  74 

10 :  244 

11 :  95 

12 :  96 

13 :  163 

14 :  140 

15 :  161 

16 :  255 

17 :  174 

18 :  240 

19 :  30 

20 :  94 

21 :  247 

22 :  230 

23 :  26 

24 :  10 

25 :  68 

26 :  226 

27 :  231 

28 :  74 

29 :  176 

30 :  148 

31 :  14 

32 :  174 

33 :  48 

34 :  54 

35 :  197 

36 :  235 

37 :  228 

38 :  34 

39 :  192 

40 :  45 

41 :  90 

42 :  239 

43 :  13 

44 :  223 

45 :  127 

46 :  101 

47 :  82 

1 (2):  [126, 162, 49, 155, 224, 208, 56, 144, 129, 97, 180, 232, 194, 107, 252, 122, 194, 53, 21, 66, 190, 179, 174, 146, 84, 143, 170, 129, 200, 98, 35, 92, 209, 123, 47, 192, 63, 184, 225, 80, 61, 23, 150, 202, 180, 27, 57, 216] 


[126, 162, 49, 155, 224, 208, 56, 144, 129, 97, 180, 232, 194, 107, 252, 122, 194, 53, 21, 66, 190, 179, 174, 146, 84, 143, 170, 129, 200, 98, 35, 92, 209, 123, 47, 192, 63, 184, 225, 80, 61, 23, 150, 202, 180, 27, 57, 216]